155
148
94
228
18
155
33
123
22
127
138
195
136
227
255
74
209
71
55
65
170
37
184
98
179
109
96
153
225
0
138
245
122
246
231
154
142
123
71
126
144
93
5
37
112
245
5
151
171
132
62
91
145
50
138
244
101
43
124
31
21
23
57
112
62
29
23
251
80
153
225
93
122
235
111
234
67
169
201
78
114
128
254
140
155
224
196
49
237
120
194
46
118
75
79
141
78
3
210
187
96
14
207
33
128
4
162
118
125
13
153
198
210
149
96
40
174
244
185
121
115
126
195
144
183
147
254
33
151
142
3
224
244
157
175
35
68
203
177
203
239
167
171
31
146
189
68
185
210
35
